-0.033	-0.183	0.015	0.129	-0.13	0.179	0.027
-0.183	-0.104	-0.053	0.176	-0.015	0.206	-0.069
0.015	-0.053	0.229	-0.051	0.051	-0.091	-0.033
0.129	0.176	-0.051	-0.043	-0.059	0.023	-0.112
-0.13	-0.015	0.051	-0.059	-0.047	0.079	0.091
0.179	0.206	-0.091	0.023	0.079	-0.407	0.133
0.027	-0.069	-0.033	-0.112	0.091	0.133	-0.02